100
99.9558
99.5214
99.0649
98.3569
96.585
95.3223
97.0387
98.3952
98.3855
100.31
99.5076
100.117
101.309
100.478
102.662
103.516
105.311
103.311
103.33
101.008
99.7499
98.4035
97.3641
96.1297
93.9137
93.8213
93.4729
92.9661
94.6286
95.2884
94.9043
94.9703
94.2599
93.3865
93.9937
94.4396
92.8281
93.5599
92.6015
89.9327
91.7103
91.0894
89.1036
89.3801
88.4488
90.557
88.8934
87.2932
87.8177
87.845
87.2171
86.0333
85.6384
86.2657
86.2472
86.8132
87.7138
87.2358
87.3783
90.8582
90.8602
89.3118
92.149
92.0732
92.3035
92.2146
90.7615
89.8957
90.351
91.2829
91.5679
91.7368
91.4504
90.7489
88.5739
88.9027
88.2553
88.7493
89.9085
88.5628
87.7462
87.9377
87.8556
88.2985
89.9251
89.9803
88.6265
88.8123
88.1336
86.4274
87.1031
86.4124
86.6659
86.4867
85.8443
88.1458
88.0742
89.7579
90.0822
90.3676
92.9271
91.5395
91.9802
91.392
93.3217
91.4222
92.2229
92.5169
93.202
95.358
95.0317
95.9278
95.9462
95.9489
95.2945
95.5143
96.7881
95.7803
94.8454
95.1798
97.028
97.042
94.8726
95.4129
93.8765
94.7198
94.0313
92.1566
91.7922
92.8815
91.5003
91.5956
90.9736
92.564
92.8315
91.4692
91.7746
91.1377
92.1291
91.0448
89.6219
88.7231
87.5315
86.7232
85.5995
85.3157
84.7958
84.3439
83.3624
83.6042
83.7175
83.3768
82.6107
82.9947
82.991
83.2631
81.9411
80.0153
79.3943
77.87
78.2695
78.1595
78.4344
78.3213
76.4883
75.423
76.5505
78.2039
77.6032
77.3604
75.0761
74.686
75.1282
74.2803
73.5124
72.0757
71.6361
70.8048
70.2173
70.3997
71.0805
71.3302
70.723
70.5617
71.8338
69.7344
67.9919
68.7068
68.9409
70.1373
69.6321
68.3947
68.5544
68.686
67.6776
68.409
70.1224
69.3499
70.4249
68.1097
67.9985
68.5034
68.1038
68.6357
68.078
67.5643
66.8955
68.1278
68.5081
68.8902
67.9007
67.2087
67.278
67.0224
67.8769
67.2842
67.4398
66.8691
66.7376
67.2899
66.7418
66.7346
66.3248
65.4025
65.9631
65.1121
66.4706
66.6767
67.193
65.574
63.2111
62.7284
61.2872
62.1901
62.1461
62.523
63.0797
64.9507
65.4325
65.8182
64.5015
64.1782
63.0152
61.5844
61.5331
61.0294
61.1951
60.9214
60.7407
62.2598
61.7686
61.7943
62.5291
62.5968
62.1092
61.8254
61.9953
61.5887
60.6452
61.1838
60.2478
59.3257
60.7338
60.198
60.5085
61.1101
61.9012
60.1186
60.7792
60.0779
59.3196
58.8497
58.924
58.8137
59.205
60.5179
60.8116
59.7858
58.1328
58.0327
59.4903
59.5531
59.6956
59.5375
59.0213
58.7796
59.025
60.2113
59.4883
59.2553
58.6726
57.2676
56.1331
56.5025
56.3904
56.3262
56.3865
57.4108
57.2932
56.7681
56.6763
55.4744
55.0128
54.3323
53.4469
53.5327
52.6946
52.8597
53.6342
53.159
53.0828
52.1645
51.8851
51.236
51.3822
50.4969
50.2498
50.9239
50.4702
49.7012
48.7907
48.9599
48.8616
48.9202
49.7285
49.9879
48.99
49.3543
49.0442
48.7512
47.9811
49.1596
49.1842
48.8578
49.216
49.5352
49.8091
49.2621
50.0099
50.4607
50.6705
51.6783
51.5383
53.129
53.2649
53.2421
51.8217
52.5708
50.8892
49.6006
49.76
50.308
49.9275
49.2784
48.7831
49.4504
50.1473
49.903
50.6519
50.6039
51.0261
50.8392
50.846
50.8567
50.5082
50.7928
51.2107
52.5429
52.9867
52.5444
52.2861
51.4087
50.8814
52.0546
52.3973
52.2135
52.7046
53.2871
53.1222
52.6578
52.6601
52.6802
52.3234
51.8608
51.9832
52.0269
52.2724
51.8083
50.9124
51.1708
52.2864
51.2885
50.7456
49.9025
50.1312
49.1249
48.6985
48.2958
47.779
47.5077
47.6753
48.016
48.7038
48.8044
48.6853
48.4954
48.5666
47.9418
48.6915
49.6658
50.1829
50.1839
50.3771
50.0385
50.7768
51.0414
51.7449
51.593
51.8641
51.3488
50.2046
49.7536
49.0738
48.5932
48.6706
49.6878
49.7387
49.3892
50.6687
50.1668
50.3756
50.3764
50.1691
49.3096
48.3127
48.9065
50.1238
49.9706
48.3873
48.4163
48.3993
47.4561
47.3817
48.1032
48.4789
49.259
49.2084
48.5278
48.9499
48.9041
48.2595
48.0595
48.6439
48.0997
47.4175
47.1948
47.9621
48.6861
48.496
48.1528
48.9672
48.8567
48.773
49.8585
49.0841
49.8386
49.7214
50.8861
52.029
50.9732
50.4021
50.1512
49.6921
49.3246
48.2253
47.7176
48.8967
48.1821
48.8992
48.2678
47.5509
48.3379
48.3939
48.135
47.2757
47.5458
45.692
45.4625
46.1505
46.1412
46.1147
46.0274
46.1765
46.6846
46.4889
46.4996
46.7241
46.775
46.3887
47.4819
46.8641
45.9929
46.2963
45.9662
46.1087
46.0784
46.7577
45.2874
45.0231
45.027
46.2441
46.3301
47.2621
47.3554
48.194
47.8087
48.5773
49.6519
50.1987
50.1282
50.2935
50.0473
51.5484
51.0306
50.7957
50.5865
49.6196
50.1945
49.8049
49.143
48.9052
48.9005
49.5436
49.3545
50.1768
49.5144
48.3452
48.9852
48.5378
49.321
50.1862
49.9563
50.0657
50.3049
50.5296
50.2472
50.8334
51.88
52.3871
51.6558
51.128
50.0621
51.0354
50.3804
50.6312
50.0025
50.3766
51.5787
52.9337
53.289
54.025
53.5908
53.7561
53.7355
54.423
55.0175
54.3154
53.4624
54.6881
53.4646
52.8975
52.8532
53.1186
52.1484
52.6589
53.7792
54.8787
55.3753
54.6133
55.0555
53.8245
54.8583
54.8526
54.7949
55.3915
56.0854
55.7676
56.1249
55.7635
55.8888
54.8723
54.4502
55.1569
54.699
55.9809
56.5198
56.0365
56.5991
55.3605
55.8088
55.9498
57.4173
57.5763
58.9957
60.0177
60.4475
61.5601
62.5089
61.3739
61.2634
60.9857
60.5923
60.9899
60.3278
60.4166
61.2102
62.8111
61.9913
61.2629
61.3935
61.926
61.4
61.1983
63.359
63.5085
63.9887
64.8891
64.2481
64.2416
64.8901
63.7145
63.7486
63.9712
63.5441
63.5153
63.8136
64.2195
64.5395
64.2786
63.2575
64.929
64.3995
64.013
64.4122
64.891
64.3193
63.366
64.4221
64.937
63.5503
63.1205
63.475
63.6713
63.9565
64.4923
63.7709
65.5347
65.9394
65.6614
64.5891
64.3954
64.7196
64.4105
64.4112
64.6889
63.5927
62.5509
63.2006
64.5747
63.6617
63.2829
64.1436
63.9814
63.9776
64.2038
65.0207
64.9875
64.4633
64.0532
64.3293
64.1292
63.1946
63.3353
63.4001
63.2844
64.7482
65.6696
65.094
64.7084
64.3087
64.0999
65.8117
64.9984
64.0634
64.8773
64.6622
64.8688
64.6773
65.2753
66.6571
66.3803
68.1577
68.0717
67.0463
68.135
67.203
66.9475
66.2765
65.5202
65.4794
65.0556
65.557
66.1607
66.1927
66.335
68.2823
69.8153
70.577
73.3497
71.6444
73.3128
74.2144
73.3378
73.374
73.9678
74.8734
74.5523
75.2612
76.5503
75.8564
74.3056
74.3739
74.4305
73.2569
74.0009
74.3779
73.9618
74.4098
74.5462
73.5594
72.9151
73.2306
73.0222
73.8273
75.1384
76.7319
75.5635
75.4835
75.8174
75.6842
73.6797
73.1254
73.0801
74.4711
75.2178
74.3929
71.8209
72.3667
71.7679
72.0558
72.3727
73.9769
74.9827
74.5032
73.8426
74.5587
75.5315
75.3307
75.5297
75.3357
75.6519
74.8672
75.1774
74.544
75.1857
75.4014
75.1739
74.3101
73.4287
73.5326
75.0446
74.643
74.6456
76.3715
75.2811
75.5272
76.865
77.9452
77.4287
77.4079
77.4168
77.0575
75.9253
74.3932
73.691
73.3382
73.8377
74.7036
74.0012
74.9127
75.1855
76.5583
78.1356
76.5155
77.7507
77.1672
79.0883
79.4542
78.396
78.8805
79.8021
79.2901
80.4161
80.8613
82.2973
83.7491
84.1225
84.6284
85.1059
83.961
83.0765
81.6656
81.1103
82.0353
82.1109
80.6507
79.2361
81.2587
81.3834
81.3054
82.2264
80.6595
80.1803
80.5936
80.2091
79.3917
80.5601
81.383
79.8155
80.3626
79.8965
78.5326
78.8928
79.1204
78.842
79.9597
79.6729
80.2356
79.9658
79.9427
78.5424
80.3714
79.7809
79.7464
80.1607
79.5298
78.5583
75.7896
75.81
74.5291
76.5799
77.1224
76.6423
77.6163
78.2899
78.0306
78.1089
79.2712
80.0105
79.7324
81.0489
82.1704
82.8594
84.7458
84.5934
84.1706
85.5073
84.6903
83.2858
82.7553
82.7118
80.7058
80.9008
81.2013
80.1996
80.3588
80.664
81.5374
82.4033
83.1961
82.2666
81.637
83.1456
82.4117
81.9521
81.581
79.9928
80.8267
82.8222
82.9405
83.9738
83.6347
85.6103
85.6959
86.4703
85.6098
83.2108
82.0917
82.6948
82.3623
83.3266
82.4768
82.2521
83.8406
83.7793
83.6593
82.0154
81.8967
81.6778
83.6025
85.2152
86.1454
86.0864
89.5684
91.4903
92.6634
93.3559
94.103
96.8055
96.8504
96.5978
96.9442
96.1765
95.7517
94.0536
96.1657
96.9799
97.5506
95.6467
96.8576
96.6516
94.315
95.7292
92.9363
95.6113
94.192
93.8328
92.5381
91.3993
92.0084
91.4492
91.2131
91.7013
93.1408
95.2434
96.7735
95.8658
96.659
93.7375
96.3339
94.9232
94.9403
93.6404
93.2191
92.8009
91.4137
91.4594
91.8845
90.913
91.3057
90.6719
90.2046
92.4504
90.7939
90.6392
90.934
91.1937
92.9927
92.2287
92.6949
92.0247
94.8395
93.7253
94.0564
94.7985
94.5143
94.4757
92.3065
92.4708
93.1793
93.0427
91.4729
91.9074
91.7344
90.4021
88.6174
90.2677
91.343
90.5343
