-0.707094
-0.636142
0.598873
0.872881
-0.168535
-0.933912
-0.263581
-0.757309
-0.175186
1.25557
-0.388498
-0.611723
0.964105
-1.72462
-0.156979
0.0488541
-0.836347
-1.17162
-0.547373
-0.409734
0.265951
-0.473437
-0.337911
0.482143
0.398344
-1.41012
-0.487406
0.825435
-1.37827
0.0914251
0.182041
-2.18742
0.256295
0.527141
0.112199
-1.02337
-1.11192
0.668604
0.851695
0.347858
-0.506462
-2.68202
0.0386471
-0.157792
-0.701529
0.677033
0.459923
0.92146
-0.718787
0.914389
-1.30238
-0.828248
-1.58399
0.727501
0.0644412
-0.625936
-2.00532
0.823775
0.885449
-0.0324431
0.140283
1.08627
1.14811
1.49783
0.0786686
0.0606756
-0.0263414
0.905637
-0.83242
-1.12827
-1.9189
-0.0238691
-1.28327
0.402861
-2.86215
0.282671
0.391102
0.091022
0.0407821
1.83998
-0.147159
-0.999987
-0.655921
-0.935716
-0.132596
-0.829542
-0.916866
-1.5917
0.506127
-1.03243
1.4842
0.790959
-2.60681
-0.329336
0.62242
-0.796799
1.60513
-0.607289
-2.39003
-0.474688
-0.0375095
0.299767
1.11304
-1.07114
-0.173779
-0.122087
-0.554487
-0.157606
-0.223779
0.232959
1.64643
0.0987274
-0.597481
1.2652
-1.30148
-2.23318
-0.979168
1.11135
-1.44242
0.818931
0.576399
0.448883
-1.16384
-0.864077
0.0165799
-0.167472
-0.231811
0.265359
-0.571344
-1.28466
0.679346
-1.07771
1.13174
1.72313
-1.18235
-0.0949117
0.525733
1.65632
0.595714
-1.19182
-1.11646
0.116265
2.36641
-0.192993
1.1129
-0.349237
-0.360503
0.631504
-0.148088
-0.319013
-2.34731
1.58654
1.39345
-0.212201
-1.14581
1.28298
0.441397
0.118482
-0.323026
-1.28392
-1.46698
-0.270314
-0.566326
0.351924
-3.7959
1.2473
0.221474
0.770623
-0.351929
3.12757
0.851785
1.42242
0.274554
1.37235
0.0232796
0.965066
-0.345104
0.295887
-0.391592
-1.39796
-0.114261
-0.0635128
-0.758652
-0.578799
0.130744
-0.55431
0.727707
0.234978
0.141341
0.564506
-1.88464
2.21471
0.0604819
-1.27002
-1.87455
-0.489357
-0.359869
1.14571
-1.54778
0.761958
-0.904721
-2.18801
1.01265
1.19546
-2.1804
-0.57899
2.80062
-0.291489
-0.637388
-1.3411
-1.05196
0.776345
-0.0471954
0.0763171
1.67584
0.45196
0.977723
0.850519
0.277264
-0.405155
1.77769
0.516965
0.825796
0.468722
1.20239
0.547873
0.414625
0.629799
0.751521
-1.75775
-0.121754
-0.740033
1.40561
0.140017
0.782813
-1.41927
-0.437926
-0.229761
-1.25036
0.422723
0.263165
1.08714
-1.55025
-0.525781
-1.04015
-1.26842
1.64828
0.912792
0.503625
-0.985439
0.677545
0.203016
-0.482316
-1.36173
0.23999
0.16509
0.166672
-0.118594
0.153501
-0.735457
1.28513
-0.517084
2.25476
0.241085
0.761292
-0.435712
0.811755
0.493387
0.607659
-0.293795
-1.41602
0.790973
-1.96077
0.144344
-1.11895
-0.12895
0.779034
-1.14143
-0.149195
-0.0922449
-0.318265
1.19445
0.254913
-0.373067
0.09848
-0.941208
-0.916143
-0.400443
-1.00824
1.68956
0.401325
-0.229796
1.88437
0.113849
0.0157254
0.63264
-0.0427443
0.257824
0.196235
1.92753
-0.830268
-0.201283
-0.183585
0.0872155
-0.59023
-0.564404
-1.05102
0.0764587
0.957264
-0.72927
1.47576
-0.826073
1.21527
-0.98123
0.396144
-0.820404
-1.36374
0.0216928
-0.255829
1.11391
-0.577369
1.51851
-0.0924103
0.608021
0.0397125
-0.946995
1.0986
0.2272
1.11672
-0.780936
0.450197
-1.5552
0.00996274
-1.70149
-0.658961
0.144874
-0.607979
-0.916505
-1.04123
-1.07436
-0.0810347
-0.168392
0.289244
-1.19848
1.99343
0.328015
-0.914787
-0.374615
-1.00661
-0.433236
0.0948482
0.640995
-0.459099
0.481725
0.542671
-0.0767775
0.459868
1.28376
-1.33677
0.165793
-1.33057
0.475621
-2.89816
-0.179144
-1.47335
-0.380086
-1.13498
-0.112066
-1.76014
0.134845
1.12685
1.664
0.285975
0.118737
-1.19485
0.593302
-0.448186
0.685634
1.22055
0.654674
0.515651
0.434899
0.534663
-0.621238
-0.673266
0.435916
1.8914
-0.61678
-1.15529
1.00775
-0.383557
0.590341
0.239749
-0.89447
-0.601331
1.19845
0.204076
0.836258
1.46385
1.11681
-0.366414
-1.26251
-2.03326
0.844869
-0.898833
-0.96824
-0.575372
1.94125
0.850235
0.336915
-1.47901
1.60656
0.540922
-0.959748
1.6087
-0.137408
0.805818
-1.29136
-1.34649
-1.74856
2.27873
-1.59666
-1.51495
0.945814
-0.63771
0.96975
1.32465
-1.21762
1.68828
0.298547
0.736863
-0.183456
-0.356452
0.141179
0.341159
-0.787153
2.83188
-0.0427386
-1.34572
-1.49835
-0.578726
-0.46955
1.036
-0.470973
-0.0615422
-0.333197
-2.91896
-1.45303
0.578523
-0.157373
-0.646104
-1.0837
1.76674
-2.54158
0.209197
0.414245
-1.82814
1.39694
-1.27248
1.11467
0.528605
-1.82426
1.038
-0.980401
1.53639
0.829241
-0.919302
1.69607
-1.9986
-0.23435
-2.38663
0.943408
1.68307
1.96851
-0.260375
0.616808
-0.805671
-0.263394
-0.4951
-0.485345
-0.709328
0.51088
-0.809277
0.241037
0.569676
0.931266
0.625734
0.281257
-3.4735
-0.37446
-0.333908
-1.09245
0.497022
0.708674
0.425169
-0.995894
-0.86571
0.169351
0.776042
-0.378832
